(kicad_pcb (version 20171130) (host pcbnew 5.0.2-bee76a0~70~ubuntu16.04.1)

  (general
    (thickness 1.6)
    (drawings 93)
    (tracks 173)
    (zones 0)
    (modules 57)
    (nets 37)
  )

  (page A4)
  (layers
    (0 F.Cu signal)
    (31 B.Cu signal)
    (32 B.Adhes user)
    (33 F.Adhes user)
    (34 B.Paste user)
    (35 F.Paste user)
    (36 B.SilkS user)
    (37 F.SilkS user)
    (38 B.Mask user)
    (39 F.Mask user)
    (40 Dwgs.User user)
    (41 Cmts.User user)
    (42 Eco1.User user)
    (43 Eco2.User user)
    (44 Edge.Cuts user)
    (45 Margin user)
    (46 B.CrtYd user)
    (47 F.CrtYd user)
    (48 B.Fab user)
    (49 F.Fab user)
  )

  (setup
    (last_trace_width 0.25)
    (trace_clearance 0.2)
    (zone_clearance 0.508)
    (zone_45_only no)
    (trace_min 0.2)
    (segment_width 0.2)
    (edge_width 0.15)
    (via_size 0.8)
    (via_drill 0.4)
    (via_min_size 0.4)
    (via_min_drill 0.3)
    (uvia_size 0.3)
    (uvia_drill 0.1)
    (uvias_allowed no)
    (uvia_min_size 0.2)
    (uvia_min_drill 0.1)
    (pcb_text_width 0.3)
    (pcb_text_size 1.5 1.5)
    (mod_edge_width 0.15)
    (mod_text_size 1 1)
    (mod_text_width 0.15)
    (pad_size 1.524 1.524)
    (pad_drill 0.762)
    (pad_to_mask_clearance 0.051)
    (solder_mask_min_width 0.25)
    (aux_axis_origin 0 0)
    (visible_elements FFFFFF7F)
    (pcbplotparams
      (layerselection 0x010f0_ffffffff)
      (usegerberextensions false)
      (usegerberattributes false)
      (usegerberadvancedattributes false)
      (creategerberjobfile false)
      (excludeedgelayer true)
      (linewidth 0.100000)
      (plotframeref false)
      (viasonmask false)
      (mode 1)
      (useauxorigin false)
      (hpglpennumber 1)
      (hpglpenspeed 20)
      (hpglpendiameter 15.000000)
      (psnegative false)
      (psa4output false)
      (plotreference true)
      (plotvalue true)
      (plotinvisibletext false)
      (padsonsilk false)
      (subtractmaskfromsilk false)
      (outputformat 1)
      (mirror false)
      (drillshape 0)
      (scaleselection 1)
      (outputdirectory ""))
  )

  (net 0 "")
  (net 1 "Net-(C1-Pad1)")
  (net 2 "Net-(C1-Pad2)")
  (net 3 GNDS)
  (net 4 "Net-(C2-Pad1)")
  (net 5 GNDD)
  (net 6 "Net-(C4-Pad2)")
  (net 7 "Net-(C4-Pad1)")
  (net 8 "Net-(C5-Pad1)")
  (net 9 "Net-(C6-Pad2)")
  (net 10 "Net-(C7-Pad2)")
  (net 11 "Net-(C8-Pad2)")
  (net 12 "Net-(C9-Pad2)")
  (net 13 +5V)
  (net 14 "Net-(C11-Pad2)")
  (net 15 "Net-(D2-Pad1)")
  (net 16 "Net-(J1-Pad1)")
  (net 17 "Net-(J3-Pad1)")
  (net 18 "Net-(J4-Pad1)")
  (net 19 "Net-(J5-Pad1)")
  (net 20 "Net-(J7-Pad1)")
  (net 21 "Net-(J8-Pad1)")
  (net 22 "Net-(J10-Pad1)")
  (net 23 "Net-(J11-Pad1)")
  (net 24 ForwardPwr)
  (net 25 ReversePwr)
  (net 26 "Net-(K1-Pad1)")
  (net 27 "Net-(K2-Pad5)")
  (net 28 "Net-(R2-Pad1)")
  (net 29 "Net-(U1-Pad3)")
  (net 30 "Net-(U1-Pad5)")
  (net 31 "Net-(U2-Pad3)")
  (net 32 "Net-(U2-Pad5)")
  (net 33 "Net-(D1-Pad2)")
  (net 34 "Net-(D1-Pad1)")
  (net 35 "Net-(D4-Pad1)")
  (net 36 "Net-(D4-Pad2)")

  (net_class Default "This is the default net class."
    (clearance 0.2)
    (trace_width 0.25)
    (via_dia 0.8)
    (via_drill 0.4)
    (uvia_dia 0.3)
    (uvia_drill 0.1)
    (add_net "Net-(D1-Pad1)")
    (add_net "Net-(D1-Pad2)")
    (add_net "Net-(D4-Pad1)")
    (add_net "Net-(D4-Pad2)")
  )

  (net_class RF ""
    (clearance 0.2)
    (trace_width 0.508)
    (via_dia 0.8)
    (via_drill 0.4)
    (uvia_dia 0.3)
    (uvia_drill 0.1)
    (add_net +5V)
    (add_net ForwardPwr)
    (add_net GNDD)
    (add_net GNDS)
    (add_net "Net-(C1-Pad1)")
    (add_net "Net-(C1-Pad2)")
    (add_net "Net-(C11-Pad2)")
    (add_net "Net-(C2-Pad1)")
    (add_net "Net-(C4-Pad1)")
    (add_net "Net-(C4-Pad2)")
    (add_net "Net-(C5-Pad1)")
    (add_net "Net-(C6-Pad2)")
    (add_net "Net-(C7-Pad2)")
    (add_net "Net-(C8-Pad2)")
    (add_net "Net-(C9-Pad2)")
    (add_net "Net-(D2-Pad1)")
    (add_net "Net-(J1-Pad1)")
    (add_net "Net-(J10-Pad1)")
    (add_net "Net-(J11-Pad1)")
    (add_net "Net-(J3-Pad1)")
    (add_net "Net-(J4-Pad1)")
    (add_net "Net-(J5-Pad1)")
    (add_net "Net-(J7-Pad1)")
    (add_net "Net-(J8-Pad1)")
    (add_net "Net-(K1-Pad1)")
    (add_net "Net-(K2-Pad5)")
    (add_net "Net-(R2-Pad1)")
    (add_net "Net-(U1-Pad3)")
    (add_net "Net-(U1-Pad5)")
    (add_net "Net-(U2-Pad3)")
    (add_net "Net-(U2-Pad5)")
    (add_net ReversePwr)
  )

  (module Capacitor_SMD:C_1206_3216Metric_Pad1.42x1.75mm_HandSolder (layer F.Cu) (tedit 5B301BBE) (tstamp 5D84CD26)
    (at 100.33 60.5425 270)
    (descr "Capacitor SMD 1206 (3216 Metric), square (rectangular) end terminal, IPC_7351 nominal with elongated pad for handsoldering. (Body size source: http://www.tortai-tech.com/upload/download/2011102023233369053.pdf), generated with kicad-footprint-generator")
    (tags "capacitor handsolder")
    (path /5D755388)
    (attr smd)
    (fp_text reference C1 (at -0.8525 -22.225 270) (layer F.SilkS)
      (effects (font (size 1 1) (thickness 0.15)))
    )
    (fp_text value 51pF (at 0 -24.765 270) (layer F.Fab)
      (effects (font (size 1 1) (thickness 0.15)))
    )
    (fp_line (start -1.6 0.8) (end -1.6 -0.8) (layer F.Fab) (width 0.1))
    (fp_line (start -1.6 -0.8) (end 1.6 -0.8) (layer F.Fab) (width 0.1))
    (fp_line (start 1.6 -0.8) (end 1.6 0.8) (layer F.Fab) (width 0.1))
    (fp_line (start 1.6 0.8) (end -1.6 0.8) (layer F.Fab) (width 0.1))
    (fp_line (start -0.602064 -0.91) (end 0.602064 -0.91) (layer F.SilkS) (width 0.12))
    (fp_line (start -0.602064 0.91) (end 0.602064 0.91) (layer F.SilkS) (width 0.12))
    (fp_line (start -2.45 1.12) (end -2.45 -1.12) (layer F.CrtYd) (width 0.05))
    (fp_line (start -2.45 -1.12) (end 2.45 -1.12) (layer F.CrtYd) (width 0.05))
    (fp_line (start 2.45 -1.12) (end 2.45 1.12) (layer F.CrtYd) (width 0.05))
    (fp_line (start 2.45 1.12) (end -2.45 1.12) (layer F.CrtYd) (width 0.05))
    (fp_text user %R (at -0.2175 -22.86 270) (layer F.Fab)
      (effects (font (size 0.8 0.8) (thickness 0.12)))
    )
    (pad 1 smd roundrect (at -1.4875 0 270) (size 1.425 1.75) (layers F.Cu F.Paste F.Mask) (roundrect_rratio 0.175439)
      (net 1 "Net-(C1-Pad1)"))
    (pad 2 smd roundrect (at 1.4875 0 270) (size 1.425 1.75) (layers F.Cu F.Paste F.Mask) (roundrect_rratio 0.175439)
      (net 2 "Net-(C1-Pad2)"))
    (model ${KISYS3DMOD}/Capacitor_SMD.3dshapes/C_1206_3216Metric.wrl
      (at (xyz 0 0 0))
      (scale (xyz 1 1 1))
      (rotate (xyz 0 0 0))
    )
  )

  (module Capacitor_SMD:C_1206_3216Metric_Pad1.42x1.75mm_HandSolder (layer F.Cu) (tedit 5B301BBE) (tstamp 5D84CD37)
    (at 105.41 60.5425 270)
    (descr "Capacitor SMD 1206 (3216 Metric), square (rectangular) end terminal, IPC_7351 nominal with elongated pad for handsoldering. (Body size source: http://www.tortai-tech.com/upload/download/2011102023233369053.pdf), generated with kicad-footprint-generator")
    (tags "capacitor handsolder")
    (path /5D757B8A)
    (attr smd)
    (fp_text reference C2 (at -0.2175 -17.78 270) (layer F.SilkS)
      (effects (font (size 1 1) (thickness 0.15)))
    )
    (fp_text value 51pF (at -0.8525 -20.32 270) (layer F.Fab)
      (effects (font (size 1 1) (thickness 0.15)))
    )
    (fp_text user %R (at 0 -16.51 270) (layer F.Fab)
      (effects (font (size 0.8 0.8) (thickness 0.12)))
    )
    (fp_line (start 2.45 1.12) (end -2.45 1.12) (layer F.CrtYd) (width 0.05))
    (fp_line (start 2.45 -1.12) (end 2.45 1.12) (layer F.CrtYd) (width 0.05))
    (fp_line (start -2.45 -1.12) (end 2.45 -1.12) (layer F.CrtYd) (width 0.05))
    (fp_line (start -2.45 1.12) (end -2.45 -1.12) (layer F.CrtYd) (width 0.05))
    (fp_line (start -0.602064 0.91) (end 0.602064 0.91) (layer F.SilkS) (width 0.12))
    (fp_line (start -0.602064 -0.91) (end 0.602064 -0.91) (layer F.SilkS) (width 0.12))
    (fp_line (start 1.6 0.8) (end -1.6 0.8) (layer F.Fab) (width 0.1))
    (fp_line (start 1.6 -0.8) (end 1.6 0.8) (layer F.Fab) (width 0.1))
    (fp_line (start -1.6 -0.8) (end 1.6 -0.8) (layer F.Fab) (width 0.1))
    (fp_line (start -1.6 0.8) (end -1.6 -0.8) (layer F.Fab) (width 0.1))
    (pad 2 smd roundrect (at 1.4875 0 270) (size 1.425 1.75) (layers F.Cu F.Paste F.Mask) (roundrect_rratio 0.175439)
      (net 3 GNDS))
    (pad 1 smd roundrect (at -1.4875 0 270) (size 1.425 1.75) (layers F.Cu F.Paste F.Mask) (roundrect_rratio 0.175439)
      (net 4 "Net-(C2-Pad1)"))
    (model ${KISYS3DMOD}/Capacitor_SMD.3dshapes/C_1206_3216Metric.wrl
      (at (xyz 0 0 0))
      (scale (xyz 1 1 1))
      (rotate (xyz 0 0 0))
    )
  )

  (module Capacitor_SMD:C_1206_3216Metric_Pad1.42x1.75mm_HandSolder (layer F.Cu) (tedit 5B301BBE) (tstamp 5D84CD48)
    (at 102.87 60.5425 270)
    (descr "Capacitor SMD 1206 (3216 Metric), square (rectangular) end terminal, IPC_7351 nominal with elongated pad for handsoldering. (Body size source: http://www.tortai-tech.com/upload/download/2011102023233369053.pdf), generated with kicad-footprint-generator")
    (tags "capacitor handsolder")
    (path /5D758E29)
    (attr smd)
    (fp_text reference C3 (at -17.9975 -27.305 270) (layer F.SilkS)
      (effects (font (size 1 1) (thickness 0.15)))
    )
    (fp_text value 1nF (at -18.6325 -27.305 270) (layer F.Fab)
      (effects (font (size 1 1) (thickness 0.15)))
    )
    (fp_text user %R (at -18.6325 -25.4 270) (layer F.Fab)
      (effects (font (size 0.8 0.8) (thickness 0.12)))
    )
    (fp_line (start 2.45 1.12) (end -2.45 1.12) (layer F.CrtYd) (width 0.05))
    (fp_line (start 2.45 -1.12) (end 2.45 1.12) (layer F.CrtYd) (width 0.05))
    (fp_line (start -2.45 -1.12) (end 2.45 -1.12) (layer F.CrtYd) (width 0.05))
    (fp_line (start -2.45 1.12) (end -2.45 -1.12) (layer F.CrtYd) (width 0.05))
    (fp_line (start -0.602064 0.91) (end 0.602064 0.91) (layer F.SilkS) (width 0.12))
    (fp_line (start -0.602064 -0.91) (end 0.602064 -0.91) (layer F.SilkS) (width 0.12))
    (fp_line (start 1.6 0.8) (end -1.6 0.8) (layer F.Fab) (width 0.1))
    (fp_line (start 1.6 -0.8) (end 1.6 0.8) (layer F.Fab) (width 0.1))
    (fp_line (start -1.6 -0.8) (end 1.6 -0.8) (layer F.Fab) (width 0.1))
    (fp_line (start -1.6 0.8) (end -1.6 -0.8) (layer F.Fab) (width 0.1))
    (pad 2 smd roundrect (at 1.4875 0 270) (size 1.425 1.75) (layers F.Cu F.Paste F.Mask) (roundrect_rratio 0.175439)
      (net 3 GNDS))
    (pad 1 smd roundrect (at -1.4875 0 270) (size 1.425 1.75) (layers F.Cu F.Paste F.Mask) (roundrect_rratio 0.175439)
      (net 5 GNDD))
    (model ${KISYS3DMOD}/Capacitor_SMD.3dshapes/C_1206_3216Metric.wrl
      (at (xyz 0 0 0))
      (scale (xyz 1 1 1))
      (rotate (xyz 0 0 0))
    )
  )

  (module Capacitor_SMD:C_1206_3216Metric_Pad1.42x1.75mm_HandSolder (layer F.Cu) (tedit 5B301BBE) (tstamp 5D84CD59)
    (at 100.33 105.8275 90)
    (descr "Capacitor SMD 1206 (3216 Metric), square (rectangular) end terminal, IPC_7351 nominal with elongated pad for handsoldering. (Body size source: http://www.tortai-tech.com/upload/download/2011102023233369053.pdf), generated with kicad-footprint-generator")
    (tags "capacitor handsolder")
    (path /5D75A98F)
    (attr smd)
    (fp_text reference C4 (at 0.4175 22.225 90) (layer F.SilkS)
      (effects (font (size 1 1) (thickness 0.15)))
    )
    (fp_text value 51pF (at 0 24.13 90) (layer F.Fab)
      (effects (font (size 1 1) (thickness 0.15)))
    )
    (fp_text user %R (at -0.2175 22.86 90) (layer F.Fab)
      (effects (font (size 0.8 0.8) (thickness 0.12)))
    )
    (fp_line (start 2.45 1.12) (end -2.45 1.12) (layer F.CrtYd) (width 0.05))
    (fp_line (start 2.45 -1.12) (end 2.45 1.12) (layer F.CrtYd) (width 0.05))
    (fp_line (start -2.45 -1.12) (end 2.45 -1.12) (layer F.CrtYd) (width 0.05))
    (fp_line (start -2.45 1.12) (end -2.45 -1.12) (layer F.CrtYd) (width 0.05))
    (fp_line (start -0.602064 0.91) (end 0.602064 0.91) (layer F.SilkS) (width 0.12))
    (fp_line (start -0.602064 -0.91) (end 0.602064 -0.91) (layer F.SilkS) (width 0.12))
    (fp_line (start 1.6 0.8) (end -1.6 0.8) (layer F.Fab) (width 0.1))
    (fp_line (start 1.6 -0.8) (end 1.6 0.8) (layer F.Fab) (width 0.1))
    (fp_line (start -1.6 -0.8) (end 1.6 -0.8) (layer F.Fab) (width 0.1))
    (fp_line (start -1.6 0.8) (end -1.6 -0.8) (layer F.Fab) (width 0.1))
    (pad 2 smd roundrect (at 1.4875 0 90) (size 1.425 1.75) (layers F.Cu F.Paste F.Mask) (roundrect_rratio 0.175439)
      (net 6 "Net-(C4-Pad2)"))
    (pad 1 smd roundrect (at -1.4875 0 90) (size 1.425 1.75) (layers F.Cu F.Paste F.Mask) (roundrect_rratio 0.175439)
      (net 7 "Net-(C4-Pad1)"))
    (model ${KISYS3DMOD}/Capacitor_SMD.3dshapes/C_1206_3216Metric.wrl
      (at (xyz 0 0 0))
      (scale (xyz 1 1 1))
      (rotate (xyz 0 0 0))
    )
  )

  (module Capacitor_SMD:C_1206_3216Metric_Pad1.42x1.75mm_HandSolder (layer F.Cu) (tedit 5B301BBE) (tstamp 5D84CD6A)
    (at 95.25 105.8275 90)
    (descr "Capacitor SMD 1206 (3216 Metric), square (rectangular) end terminal, IPC_7351 nominal with elongated pad for handsoldering. (Body size source: http://www.tortai-tech.com/upload/download/2011102023233369053.pdf), generated with kicad-footprint-generator")
    (tags "capacitor handsolder")
    (path /5D75A9E2)
    (attr smd)
    (fp_text reference C5 (at 0 29.21 90) (layer F.SilkS)
      (effects (font (size 1 1) (thickness 0.15)))
    )
    (fp_text value 51pF (at -0.2175 28.575 90) (layer F.Fab)
      (effects (font (size 1 1) (thickness 0.15)))
    )
    (fp_line (start -1.6 0.8) (end -1.6 -0.8) (layer F.Fab) (width 0.1))
    (fp_line (start -1.6 -0.8) (end 1.6 -0.8) (layer F.Fab) (width 0.1))
    (fp_line (start 1.6 -0.8) (end 1.6 0.8) (layer F.Fab) (width 0.1))
    (fp_line (start 1.6 0.8) (end -1.6 0.8) (layer F.Fab) (width 0.1))
    (fp_line (start -0.602064 -0.91) (end 0.602064 -0.91) (layer F.SilkS) (width 0.12))
    (fp_line (start -0.602064 0.91) (end 0.602064 0.91) (layer F.SilkS) (width 0.12))
    (fp_line (start -2.45 1.12) (end -2.45 -1.12) (layer F.CrtYd) (width 0.05))
    (fp_line (start -2.45 -1.12) (end 2.45 -1.12) (layer F.CrtYd) (width 0.05))
    (fp_line (start 2.45 -1.12) (end 2.45 1.12) (layer F.CrtYd) (width 0.05))
    (fp_line (start 2.45 1.12) (end -2.45 1.12) (layer F.CrtYd) (width 0.05))
    (fp_text user %R (at -0.2175 27.94 90) (layer F.Fab)
      (effects (font (size 0.8 0.8) (thickness 0.12)))
    )
    (pad 1 smd roundrect (at -1.4875 0 90) (size 1.425 1.75) (layers F.Cu F.Paste F.Mask) (roundrect_rratio 0.175439)
      (net 8 "Net-(C5-Pad1)"))
    (pad 2 smd roundrect (at 1.4875 0 90) (size 1.425 1.75) (layers F.Cu F.Paste F.Mask) (roundrect_rratio 0.175439)
      (net 3 GNDS))
    (model ${KISYS3DMOD}/Capacitor_SMD.3dshapes/C_1206_3216Metric.wrl
      (at (xyz 0 0 0))
      (scale (xyz 1 1 1))
      (rotate (xyz 0 0 0))
    )
  )

  (module Capacitor_SMD:C_1206_3216Metric_Pad1.42x1.75mm_HandSolder (layer F.Cu) (tedit 5B301BBE) (tstamp 5D84CD7B)
    (at 103.0875 50.165 180)
    (descr "Capacitor SMD 1206 (3216 Metric), square (rectangular) end terminal, IPC_7351 nominal with elongated pad for handsoldering. (Body size source: http://www.tortai-tech.com/upload/download/2011102023233369053.pdf), generated with kicad-footprint-generator")
    (tags "capacitor handsolder")
    (path /5D7560B5)
    (attr smd)
    (fp_text reference C6 (at -22.0075 -0.635 180) (layer F.SilkS)
      (effects (font (size 1 1) (thickness 0.15)))
    )
    (fp_text value .1uF (at -20.7375 1.27 180) (layer F.Fab)
      (effects (font (size 1 1) (thickness 0.15)))
    )
    (fp_line (start -1.6 0.8) (end -1.6 -0.8) (layer F.Fab) (width 0.1))
    (fp_line (start -1.6 -0.8) (end 1.6 -0.8) (layer F.Fab) (width 0.1))
    (fp_line (start 1.6 -0.8) (end 1.6 0.8) (layer F.Fab) (width 0.1))
    (fp_line (start 1.6 0.8) (end -1.6 0.8) (layer F.Fab) (width 0.1))
    (fp_line (start -0.602064 -0.91) (end 0.602064 -0.91) (layer F.SilkS) (width 0.12))
    (fp_line (start -0.602064 0.91) (end 0.602064 0.91) (layer F.SilkS) (width 0.12))
    (fp_line (start -2.45 1.12) (end -2.45 -1.12) (layer F.CrtYd) (width 0.05))
    (fp_line (start -2.45 -1.12) (end 2.45 -1.12) (layer F.CrtYd) (width 0.05))
    (fp_line (start 2.45 -1.12) (end 2.45 1.12) (layer F.CrtYd) (width 0.05))
    (fp_line (start 2.45 1.12) (end -2.45 1.12) (layer F.CrtYd) (width 0.05))
    (fp_text user %R (at -23.2775 0 180) (layer F.Fab)
      (effects (font (size 0.8 0.8) (thickness 0.12)))
    )
    (pad 1 smd roundrect (at -1.4875 0 180) (size 1.425 1.75) (layers F.Cu F.Paste F.Mask) (roundrect_rratio 0.175439)
      (net 5 GNDD))
    (pad 2 smd roundrect (at 1.4875 0 180) (size 1.425 1.75) (layers F.Cu F.Paste F.Mask) (roundrect_rratio 0.175439)
      (net 9 "Net-(C6-Pad2)"))
    (model ${KISYS3DMOD}/Capacitor_SMD.3dshapes/C_1206_3216Metric.wrl
      (at (xyz 0 0 0))
      (scale (xyz 1 1 1))
      (rotate (xyz 0 0 0))
    )
  )

  (module Capacitor_SMD:C_1206_3216Metric_Pad1.42x1.75mm_HandSolder (layer F.Cu) (tedit 5B301BBE) (tstamp 5D84CD8C)
    (at 112.395 127.2175 90)
    (descr "Capacitor SMD 1206 (3216 Metric), square (rectangular) end terminal, IPC_7351 nominal with elongated pad for handsoldering. (Body size source: http://www.tortai-tech.com/upload/download/2011102023233369053.pdf), generated with kicad-footprint-generator")
    (tags "capacitor handsolder")
    (path /5D7558F9)
    (attr smd)
    (fp_text reference C7 (at 0.2175 10.16 90) (layer F.SilkS)
      (effects (font (size 1 1) (thickness 0.15)))
    )
    (fp_text value 1nF (at 0.8525 12.065 90) (layer F.Fab)
      (effects (font (size 1 1) (thickness 0.15)))
    )
    (fp_text user %R (at 0.8525 12.065 90) (layer F.Fab)
      (effects (font (size 0.8 0.8) (thickness 0.12)))
    )
    (fp_line (start 2.45 1.12) (end -2.45 1.12) (layer F.CrtYd) (width 0.05))
    (fp_line (start 2.45 -1.12) (end 2.45 1.12) (layer F.CrtYd) (width 0.05))
    (fp_line (start -2.45 -1.12) (end 2.45 -1.12) (layer F.CrtYd) (width 0.05))
    (fp_line (start -2.45 1.12) (end -2.45 -1.12) (layer F.CrtYd) (width 0.05))
    (fp_line (start -0.602064 0.91) (end 0.602064 0.91) (layer F.SilkS) (width 0.12))
    (fp_line (start -0.602064 -0.91) (end 0.602064 -0.91) (layer F.SilkS) (width 0.12))
    (fp_line (start 1.6 0.8) (end -1.6 0.8) (layer F.Fab) (width 0.1))
    (fp_line (start 1.6 -0.8) (end 1.6 0.8) (layer F.Fab) (width 0.1))
    (fp_line (start -1.6 -0.8) (end 1.6 -0.8) (layer F.Fab) (width 0.1))
    (fp_line (start -1.6 0.8) (end -1.6 -0.8) (layer F.Fab) (width 0.1))
    (pad 2 smd roundrect (at 1.4875 0 90) (size 1.425 1.75) (layers F.Cu F.Paste F.Mask) (roundrect_rratio 0.175439)
      (net 10 "Net-(C7-Pad2)"))
    (pad 1 smd roundrect (at -1.4875 0 90) (size 1.425 1.75) (layers F.Cu F.Paste F.Mask) (roundrect_rratio 0.175439)
      (net 5 GNDD))
    (model ${KISYS3DMOD}/Capacitor_SMD.3dshapes/C_1206_3216Metric.wrl
      (at (xyz 0 0 0))
      (scale (xyz 1 1 1))
      (rotate (xyz 0 0 0))
    )
  )

  (module Capacitor_SMD:C_1206_3216Metric_Pad1.42x1.75mm_HandSolder (layer F.Cu) (tedit 5B301BBE) (tstamp 5D84CD9D)
    (at 100.7475 116.205)
    (descr "Capacitor SMD 1206 (3216 Metric), square (rectangular) end terminal, IPC_7351 nominal with elongated pad for handsoldering. (Body size source: http://www.tortai-tech.com/upload/download/2011102023233369053.pdf), generated with kicad-footprint-generator")
    (tags "capacitor handsolder")
    (path /5D75A9BC)
    (attr smd)
    (fp_text reference C8 (at 22.4425 -2.54) (layer F.SilkS)
      (effects (font (size 1 1) (thickness 0.15)))
    )
    (fp_text value .1uF (at 23.0775 1.82) (layer F.Fab)
      (effects (font (size 1 1) (thickness 0.15)))
    )
    (fp_line (start -1.6 0.8) (end -1.6 -0.8) (layer F.Fab) (width 0.1))
    (fp_line (start -1.6 -0.8) (end 1.6 -0.8) (layer F.Fab) (width 0.1))
    (fp_line (start 1.6 -0.8) (end 1.6 0.8) (layer F.Fab) (width 0.1))
    (fp_line (start 1.6 0.8) (end -1.6 0.8) (layer F.Fab) (width 0.1))
    (fp_line (start -0.602064 -0.91) (end 0.602064 -0.91) (layer F.SilkS) (width 0.12))
    (fp_line (start -0.602064 0.91) (end 0.602064 0.91) (layer F.SilkS) (width 0.12))
    (fp_line (start -2.45 1.12) (end -2.45 -1.12) (layer F.CrtYd) (width 0.05))
    (fp_line (start -2.45 -1.12) (end 2.45 -1.12) (layer F.CrtYd) (width 0.05))
    (fp_line (start 2.45 -1.12) (end 2.45 1.12) (layer F.CrtYd) (width 0.05))
    (fp_line (start 2.45 1.12) (end -2.45 1.12) (layer F.CrtYd) (width 0.05))
    (fp_text user %R (at 22.4425 0) (layer F.Fab)
      (effects (font (size 0.8 0.8) (thickness 0.12)))
    )
    (pad 1 smd roundrect (at -1.4875 0) (size 1.425 1.75) (layers F.Cu F.Paste F.Mask) (roundrect_rratio 0.175439)
      (net 5 GNDD))
    (pad 2 smd roundrect (at 1.4875 0) (size 1.425 1.75) (layers F.Cu F.Paste F.Mask) (roundrect_rratio 0.175439)
      (net 11 "Net-(C8-Pad2)"))
    (model ${KISYS3DMOD}/Capacitor_SMD.3dshapes/C_1206_3216Metric.wrl
      (at (xyz 0 0 0))
      (scale (xyz 1 1 1))
      (rotate (xyz 0 0 0))
    )
  )

  (module Capacitor_SMD:C_1206_3216Metric_Pad1.42x1.75mm_HandSolder (layer F.Cu) (tedit 5B301BBE) (tstamp 5D84E5B5)
    (at 92.71 125.9475 90)
    (descr "Capacitor SMD 1206 (3216 Metric), square (rectangular) end terminal, IPC_7351 nominal with elongated pad for handsoldering. (Body size source: http://www.tortai-tech.com/upload/download/2011102023233369053.pdf), generated with kicad-footprint-generator")
    (tags "capacitor handsolder")
    (path /5D75A9A4)
    (attr smd)
    (fp_text reference C9 (at 0.8525 31.115 90) (layer F.SilkS)
      (effects (font (size 1 1) (thickness 0.15)))
    )
    (fp_text value 1nF (at -0.4175 30.48 90) (layer F.Fab)
      (effects (font (size 1 1) (thickness 0.15)))
    )
    (fp_text user %R (at 0.8525 30.48 90) (layer F.Fab)
      (effects (font (size 0.8 0.8) (thickness 0.12)))
    )
    (fp_line (start 2.45 1.12) (end -2.45 1.12) (layer F.CrtYd) (width 0.05))
    (fp_line (start 2.45 -1.12) (end 2.45 1.12) (layer F.CrtYd) (width 0.05))
    (fp_line (start -2.45 -1.12) (end 2.45 -1.12) (layer F.CrtYd) (width 0.05))
    (fp_line (start -2.45 1.12) (end -2.45 -1.12) (layer F.CrtYd) (width 0.05))
    (fp_line (start -0.602064 0.91) (end 0.602064 0.91) (layer F.SilkS) (width 0.12))
    (fp_line (start -0.602064 -0.91) (end 0.602064 -0.91) (layer F.SilkS) (width 0.12))
    (fp_line (start 1.6 0.8) (end -1.6 0.8) (layer F.Fab) (width 0.1))
    (fp_line (start 1.6 -0.8) (end 1.6 0.8) (layer F.Fab) (width 0.1))
    (fp_line (start -1.6 -0.8) (end 1.6 -0.8) (layer F.Fab) (width 0.1))
    (fp_line (start -1.6 0.8) (end -1.6 -0.8) (layer F.Fab) (width 0.1))
    (pad 2 smd roundrect (at 1.4875 0 90) (size 1.425 1.75) (layers F.Cu F.Paste F.Mask) (roundrect_rratio 0.175439)
      (net 12 "Net-(C9-Pad2)"))
    (pad 1 smd roundrect (at -1.4875 0 90) (size 1.425 1.75) (layers F.Cu F.Paste F.Mask) (roundrect_rratio 0.175439)
      (net 5 GNDD))
    (model ${KISYS3DMOD}/Capacitor_SMD.3dshapes/C_1206_3216Metric.wrl
      (at (xyz 0 0 0))
      (scale (xyz 1 1 1))
      (rotate (xyz 0 0 0))
    )
  )

  (module Capacitor_THT:CP_Radial_D10.0mm_P2.50mm_P5.00mm (layer F.Cu) (tedit 5AE50EF1) (tstamp 5D84EFE3)
    (at 106.68 144.78 270)
    (descr "CP, Radial series, Radial, pin pitch=2.50mm 5.00mm, , diameter=10mm, Electrolytic Capacitor")
    (tags "CP Radial series Radial pin pitch 2.50mm 5.00mm  diameter 10mm Electrolytic Capacitor")
    (path /5D7FE1EF)
    (fp_text reference C10 (at 0.635 -17.145 270) (layer F.SilkS)
      (effects (font (size 1 1) (thickness 0.15)))
    )
    (fp_text value 100uF (at 2.54 -15.875 270) (layer F.Fab)
      (effects (font (size 1 1) (thickness 0.15)))
    )
    (fp_circle (center 1.25 0) (end 6.25 0) (layer F.Fab) (width 0.1))
    (fp_circle (center 1.25 0) (end 6.37 0) (layer F.SilkS) (width 0.12))
    (fp_circle (center 1.25 0) (end 6.5 0) (layer F.CrtYd) (width 0.05))
    (fp_line (start -3.038861 -2.1875) (end -2.038861 -2.1875) (layer F.Fab) (width 0.1))
    (fp_line (start -2.538861 -2.6875) (end -2.538861 -1.6875) (layer F.Fab) (width 0.1))
    (fp_line (start 1.25 -5.08) (end 1.25 5.08) (layer F.SilkS) (width 0.12))
    (fp_line (start 1.29 -5.08) (end 1.29 5.08) (layer F.SilkS) (width 0.12))
    (fp_line (start 1.33 -5.08) (end 1.33 5.08) (layer F.SilkS) (width 0.12))
    (fp_line (start 1.37 -5.079) (end 1.37 5.079) (layer F.SilkS) (width 0.12))
    (fp_line (start 1.41 -5.078) (end 1.41 5.078) (layer F.SilkS) (width 0.12))
    (fp_line (start 1.45 -5.077) (end 1.45 5.077) (layer F.SilkS) (width 0.12))
    (fp_line (start 1.49 -5.075) (end 1.49 -1.04) (layer F.SilkS) (width 0.12))
    (fp_line (start 1.49 1.04) (end 1.49 5.075) (layer F.SilkS) (width 0.12))
    (fp_line (start 1.53 -5.073) (end 1.53 -1.04) (layer F.SilkS) (width 0.12))
    (fp_line (start 1.53 1.04) (end 1.53 5.073) (layer F.SilkS) (width 0.12))
    (fp_line (start 1.57 -5.07) (end 1.57 -1.04) (layer F.SilkS) (width 0.12))
    (fp_line (start 1.57 1.04) (end 1.57 5.07) (layer F.SilkS) (width 0.12))
    (fp_line (start 1.61 -5.068) (end 1.61 -1.04) (layer F.SilkS) (width 0.12))
    (fp_line (start 1.61 1.04) (end 1.61 5.068) (layer F.SilkS) (width 0.12))
    (fp_line (start 1.65 -5.065) (end 1.65 -1.04) (layer F.SilkS) (width 0.12))
    (fp_line (start 1.65 1.04) (end 1.65 5.065) (layer F.SilkS) (width 0.12))
    (fp_line (start 1.69 -5.062) (end 1.69 -1.04) (layer F.SilkS) (width 0.12))
    (fp_line (start 1.69 1.04) (end 1.69 5.062) (layer F.SilkS) (width 0.12))
    (fp_line (start 1.73 -5.058) (end 1.73 -1.04) (layer F.SilkS) (width 0.12))
    (fp_line (start 1.73 1.04) (end 1.73 5.058) (layer F.SilkS) (width 0.12))
    (fp_line (start 1.77 -5.054) (end 1.77 -1.04) (layer F.SilkS) (width 0.12))
    (fp_line (start 1.77 1.04) (end 1.77 5.054) (layer F.SilkS) (width 0.12))
    (fp_line (start 1.81 -5.05) (end 1.81 -1.04) (layer F.SilkS) (width 0.12))
    (fp_line (start 1.81 1.04) (end 1.81 5.05) (layer F.SilkS) (width 0.12))
    (fp_line (start 1.85 -5.045) (end 1.85 -1.04) (layer F.SilkS) (width 0.12))
    (fp_line (start 1.85 1.04) (end 1.85 5.045) (layer F.SilkS) (width 0.12))
    (fp_line (start 1.89 -5.04) (end 1.89 -1.04) (layer F.SilkS) (width 0.12))
    (fp_line (start 1.89 1.04) (end 1.89 5.04) (layer F.SilkS) (width 0.12))
    (fp_line (start 1.93 -5.035) (end 1.93 -1.04) (layer F.SilkS) (width 0.12))
    (fp_line (start 1.93 1.04) (end 1.93 5.035) (layer F.SilkS) (width 0.12))
    (fp_line (start 1.971 -5.03) (end 1.971 -1.04) (layer F.SilkS) (width 0.12))
    (fp_line (start 1.971 1.04) (end 1.971 5.03) (layer F.SilkS) (width 0.12))
    (fp_line (start 2.011 -5.024) (end 2.011 -1.04) (layer F.SilkS) (width 0.12))
    (fp_line (start 2.011 1.04) (end 2.011 5.024) (layer F.SilkS) (width 0.12))
    (fp_line (start 2.051 -5.018) (end 2.051 -1.04) (layer F.SilkS) (width 0.12))
    (fp_line (start 2.051 1.04) (end 2.051 5.018) (layer F.SilkS) (width 0.12))
    (fp_line (start 2.091 -5.011) (end 2.091 -1.04) (layer F.SilkS) (width 0.12))
    (fp_line (start 2.091 1.04) (end 2.091 5.011) (layer F.SilkS) (width 0.12))
    (fp_line (start 2.131 -5.004) (end 2.131 -1.04) (layer F.SilkS) (width 0.12))
    (fp_line (start 2.131 1.04) (end 2.131 5.004) (layer F.SilkS) (width 0.12))
    (fp_line (start 2.171 -4.997) (end 2.171 -1.04) (layer F.SilkS) (width 0.12))
    (fp_line (start 2.171 2.64) (end 2.171 4.997) (layer F.SilkS) (width 0.12))
    (fp_line (start 2.211 -4.99) (end 2.211 -1.04) (layer F.SilkS) (width 0.12))
    (fp_line (start 2.211 2.64) (end 2.211 4.99) (layer F.SilkS) (width 0.12))
    (fp_line (start 2.251 -4.982) (end 2.251 -1.04) (layer F.SilkS) (width 0.12))
    (fp_line (start 2.251 2.64) (end 2.251 4.982) (layer F.SilkS) (width 0.12))
    (fp_line (start 2.291 -4.974) (end 2.291 -1.04) (layer F.SilkS) (width 0.12))
    (fp_line (start 2.291 2.64) (end 2.291 4.974) (layer F.SilkS) (width 0.12))
    (fp_line (start 2.331 -4.965) (end 2.331 -1.04) (layer F.SilkS) (width 0.12))
    (fp_line (start 2.331 2.64) (end 2.331 4.965) (layer F.SilkS) (width 0.12))
    (fp_line (start 2.371 -4.956) (end 2.371 -1.04) (layer F.SilkS) (width 0.12))
    (fp_line (start 2.371 2.64) (end 2.371 4.956) (layer F.SilkS) (width 0.12))
    (fp_line (start 2.411 -4.947) (end 2.411 -1.04) (layer F.SilkS) (width 0.12))
    (fp_line (start 2.411 2.64) (end 2.411 4.947) (layer F.SilkS) (width 0.12))
    (fp_line (start 2.451 -4.938) (end 2.451 -1.04) (layer F.SilkS) (width 0.12))
    (fp_line (start 2.451 2.64) (end 2.451 4.938) (layer F.SilkS) (width 0.12))
    (fp_line (start 2.491 -4.928) (end 2.491 -1.04) (layer F.SilkS) (width 0.12))
    (fp_line (start 2.491 2.64) (end 2.491 4.928) (layer F.SilkS) (width 0.12))
    (fp_line (start 2.531 -4.918) (end 2.531 -1.04) (layer F.SilkS) (width 0.12))
    (fp_line (start 2.531 2.64) (end 2.531 4.918) (layer F.SilkS) (width 0.12))
    (fp_line (start 2.571 -4.907) (end 2.571 -1.04) (layer F.SilkS) (width 0.12))
    (fp_line (start 2.571 2.64) (end 2.571 4.907) (layer F.SilkS) (width 0.12))
    (fp_line (start 2.611 -4.897) (end 2.611 -1.04) (layer F.SilkS) (width 0.12))
    (fp_line (start 2.611 2.64) (end 2.611 4.897) (layer F.SilkS) (width 0.12))
    (fp_line (start 2.651 -4.885) (end 2.651 -1.04) (layer F.SilkS) (width 0.12))
    (fp_line (start 2.651 2.64) (end 2.651 4.885) (layer F.SilkS) (width 0.12))
    (fp_line (start 2.691 -4.874) (end 2.691 -1.04) (layer F.SilkS) (width 0.12))
    (fp_line (start 2.691 2.64) (end 2.691 4.874) (layer F.SilkS) (width 0.12))
    (fp_line (start 2.731 -4.862) (end 2.731 -1.04) (layer F.SilkS) (width 0.12))
    (fp_line (start 2.731 2.64) (end 2.731 4.862) (layer F.SilkS) (width 0.12))
    (fp_line (start 2.771 -4.85) (end 2.771 -1.04) (layer F.SilkS) (width 0.12))
    (fp_line (start 2.771 2.64) (end 2.771 4.85) (layer F.SilkS) (width 0.12))
    (fp_line (start 2.811 -4.837) (end 2.811 -1.04) (layer F.SilkS) (width 0.12))
    (fp_line (start 2.811 2.64) (end 2.811 4.837) (layer F.SilkS) (width 0.12))
    (fp_line (start 2.851 -4.824) (end 2.851 -1.04) (layer F.SilkS) (width 0.12))
    (fp_line (start 2.851 2.64) (end 2.851 4.824) (layer F.SilkS) (width 0.12))
    (fp_line (start 2.891 -4.811) (end 2.891 -1.04) (layer F.SilkS) (width 0.12))
    (fp_line (start 2.891 2.64) (end 2.891 4.811) (layer F.SilkS) (width 0.12))
    (fp_line (start 2.931 -4.797) (end 2.931 -1.04) (layer F.SilkS) (width 0.12))
    (fp_line (start 2.931 2.64) (end 2.931 4.797) (layer F.SilkS) (width 0.12))
    (fp_line (start 2.971 -4.783) (end 2.971 -1.04) (layer F.SilkS) (width 0.12))
    (fp_line (start 2.971 2.64) (end 2.971 4.783) (layer F.SilkS) (width 0.12))
    (fp_line (start 3.011 -4.768) (end 3.011 -1.04) (layer F.SilkS) (width 0.12))
    (fp_line (start 3.011 2.64) (end 3.011 4.768) (layer F.SilkS) (width 0.12))
    (fp_line (start 3.051 -4.754) (end 3.051 -1.04) (layer F.SilkS) (width 0.12))
    (fp_line (start 3.051 2.64) (end 3.051 4.754) (layer F.SilkS) (width 0.12))
    (fp_line (start 3.091 -4.738) (end 3.091 -1.04) (layer F.SilkS) (width 0.12))
    (fp_line (start 3.091 2.64) (end 3.091 4.738) (layer F.SilkS) (width 0.12))
    (fp_line (start 3.131 -4.723) (end 3.131 -1.04) (layer F.SilkS) (width 0.12))
    (fp_line (start 3.131 2.64) (end 3.131 4.723) (layer F.SilkS) (width 0.12))
    (fp_line (start 3.171 -4.707) (end 3.171 -1.04) (layer F.SilkS) (width 0.12))
    (fp_line (start 3.171 2.64) (end 3.171 4.707) (layer F.SilkS) (width 0.12))
    (fp_line (start 3.211 -4.69) (end 3.211 -1.04) (layer F.SilkS) (width 0.12))
    (fp_line (start 3.211 2.64) (end 3.211 4.69) (layer F.SilkS) (width 0.12))
    (fp_line (start 3.251 -4.674) (end 3.251 -1.04) (layer F.SilkS) (width 0.12))
    (fp_line (start 3.251 2.64) (end 3.251 4.674) (layer F.SilkS) (width 0.12))
    (fp_line (start 3.291 -4.657) (end 3.291 -1.04) (layer F.SilkS) (width 0.12))
    (fp_line (start 3.291 2.64) (end 3.291 4.657) (layer F.SilkS) (width 0.12))
    (fp_line (start 3.331 -4.639) (end 3.331 -1.04) (layer F.SilkS) (width 0.12))
    (fp_line (start 3.331 2.64) (end 3.331 4.639) (layer F.SilkS) (width 0.12))
    (fp_line (start 3.371 -4.621) (end 3.371 -1.04) (layer F.SilkS) (width 0.12))
    (fp_line (start 3.371 2.64) (end 3.371 4.621) (layer F.SilkS) (width 0.12))
    (fp_line (start 3.411 -4.603) (end 3.411 -1.04) (layer F.SilkS) (width 0.12))
    (fp_line (start 3.411 2.64) (end 3.411 4.603) (layer F.SilkS) (width 0.12))
    (fp_line (start 3.451 -4.584) (end 3.451 -1.04) (layer F.SilkS) (width 0.12))
    (fp_line (start 3.451 2.64) (end 3.451 4.584) (layer F.SilkS) (width 0.12))
    (fp_line (start 3.491 -4.564) (end 3.491 -1.04) (layer F.SilkS) (width 0.12))
    (fp_line (start 3.491 2.64) (end 3.491 4.564) (layer F.SilkS) (width 0.12))
    (fp_line (start 3.531 -4.545) (end 3.531 -1.04) (layer F.SilkS) (width 0.12))
    (fp_line (start 3.531 2.64) (end 3.531 4.545) (layer F.SilkS) (width 0.12))
    (fp_line (start 3.571 -4.525) (end 3.571 0.56) (layer F.SilkS) (width 0.12))
    (fp_line (start 3.571 2.64) (end 3.571 4.525) (layer F.SilkS) (width 0.12))
    (fp_line (start 3.611 -4.504) (end 3.611 0.56) (layer F.SilkS) (width 0.12))
    (fp_line (start 3.611 2.64) (end 3.611 4.504) (layer F.SilkS) (width 0.12))
    (fp_line (start 3.651 -4.483) (end 3.651 0.56) (layer F.SilkS) (width 0.12))
    (fp_line (start 3.651 2.64) (end 3.651 4.483) (layer F.SilkS) (width 0.12))
    (fp_line (start 3.691 -4.462) (end 3.691 0.56) (layer F.SilkS) (width 0.12))
    (fp_line (start 3.691 2.64) (end 3.691 4.462) (layer F.SilkS) (width 0.12))
    (fp_line (start 3.731 -4.44) (end 3.731 0.56) (layer F.SilkS) (width 0.12))
    (fp_line (start 3.731 2.64) (end 3.731 4.44) (layer F.SilkS) (width 0.12))
    (fp_line (start 3.771 -4.417) (end 3.771 0.56) (layer F.SilkS) (width 0.12))
    (fp_line (start 3.771 2.64) (end 3.771 4.417) (layer F.SilkS) (width 0.12))
    (fp_line (start 3.811 -4.395) (end 3.811 0.56) (layer F.SilkS) (width 0.12))
    (fp_line (start 3.811 2.64) (end 3.811 4.395) (layer F.SilkS) (width 0.12))
    (fp_line (start 3.851 -4.371) (end 3.851 0.56) (layer F.SilkS) (width 0.12))
    (fp_line (start 3.851 2.64) (end 3.851 4.371) (layer F.SilkS) (width 0.12))
    (fp_line (start 3.891 -4.347) (end 3.891 0.56) (layer F.SilkS) (width 0.12))
    (fp_line (start 3.891 2.64) (end 3.891 4.347) (layer F.SilkS) (width 0.12))
    (fp_line (start 3.931 -4.323) (end 3.931 0.56) (layer F.SilkS) (width 0.12))
    (fp_line (start 3.931 2.64) (end 3.931 4.323) (layer F.SilkS) (width 0.12))
    (fp_line (start 3.971 -4.298) (end 3.971 0.56) (layer F.SilkS) (width 0.12))
    (fp_line (start 3.971 2.64) (end 3.971 4.298) (layer F.SilkS) (width 0.12))
    (fp_line (start 4.011 -4.273) (end 4.011 0.56) (layer F.SilkS) (width 0.12))
    (fp_line (start 4.011 2.64) (end 4.011 4.273) (layer F.SilkS) (width 0.12))
    (fp_line (start 4.051 -4.247) (end 4.051 0.56) (layer F.SilkS) (width 0.12))
    (fp_line (start 4.051 2.64) (end 4.051 4.247) (layer F.SilkS) (width 0.12))
    (fp_line (start 4.091 -4.221) (end 4.091 0.56) (layer F.SilkS) (width 0.12))
    (fp_line (start 4.091 2.64) (end 4.091 4.221) (layer F.SilkS) (width 0.12))
    (fp_line (start 4.131 -4.194) (end 4.131 0.56) (layer F.SilkS) (width 0.12))
    (fp_line (start 4.131 2.64) (end 4.131 4.194) (layer F.SilkS) (width 0.12))
    (fp_line (start 4.171 -4.166) (end 4.171 0.56) (layer F.SilkS) (width 0.12))
    (fp_line (start 4.171 2.64) (end 4.171 4.166) (layer F.SilkS) (width 0.12))
    (fp_line (start 4.211 -4.138) (end 4.211 0.56) (layer F.SilkS) (width 0.12))
    (fp_line (start 4.211 2.64) (end 4.211 4.138) (layer F.SilkS) (width 0.12))
    (fp_line (start 4.251 -4.11) (end 4.251 4.11) (layer F.SilkS) (width 0.12))
    (fp_line (start 4.291 -4.08) (end 4.291 4.08) (layer F.SilkS) (width 0.12))
    (fp_line (start 4.331 -4.05) (end 4.331 4.05) (layer F.SilkS) (width 0.12))
    (fp_line (start 4.371 -4.02) (end 4.371 4.02) (layer F.SilkS) (width 0.12))
    (fp_line (start 4.411 -3.989) (end 4.411 3.989) (layer F.SilkS) (width 0.12))
    (fp_line (start 4.451 -3.957) (end 4.451 3.957) (layer F.SilkS) (width 0.12))
    (fp_line (start 4.491 -3.925) (end 4.491 3.925) (layer F.SilkS) (width 0.12))
    (fp_line (start 4.531 -3.892) (end 4.531 3.892) (layer F.SilkS) (width 0.12))
    (fp_line (start 4.571 -3.858) (end 4.571 3.858) (layer F.SilkS) (width 0.12))
    (fp_line (start 4.611 -3.824) (end 4.611 3.824) (layer F.SilkS) (width 0.12))
    (fp_line (start 4.651 -3.789) (end 4.651 3.789) (layer F.SilkS) (width 0.12))
    (fp_line (start 4.691 -3.753) (end 4.691 3.753) (layer F.SilkS) (width 0.12))
    (fp_line (start 4.731 -3.716) (end 4.731 3.716) (layer F.SilkS) (width 0.12))
    (fp_line (start 4.771 -3.679) (end 4.771 3.679) (layer F.SilkS) (width 0.12))
    (fp_line (start 4.811 -3.64) (end 4.811 3.64) (layer F.SilkS) (width 0.12))
    (fp_line (start 4.851 -3.601) (end 4.851 3.601) (layer F.SilkS) (width 0.12))
    (fp_line (start 4.891 -3.561) (end 4.891 3.561) (layer F.SilkS) (width 0.12))
    (fp_line (start 4.931 -3.52) (end 4.931 3.52) (layer F.SilkS) (width 0.12))
    (fp_line (start 4.971 -3.478) (end 4.971 3.478) (layer F.SilkS) (width 0.12))
    (fp_line (start 5.011 -3.436) (end 5.011 3.436) (layer F.SilkS) (width 0.12))
    (fp_line (start 5.051 -3.392) (end 5.051 3.392) (layer F.SilkS) (width 0.12))
    (fp_line (start 5.091 -3.347) (end 5.091 3.347) (layer F.SilkS) (width 0.12))
    (fp_line (start 5.131 -3.301) (end 5.131 3.301) (layer F.SilkS) (width 0.12))
    (fp_line (start 5.171 -3.254) (end 5.171 3.254) (layer F.SilkS) (width 0.12))
    (fp_line (start 5.211 -3.206) (end 5.211 3.206) (layer F.SilkS) (width 0.12))
    (fp_line (start 5.251 -3.156) (end 5.251 3.156) (layer F.SilkS) (width 0.12))
    (fp_line (start 5.291 -3.106) (end 5.291 3.106) (layer F.SilkS) (width 0.12))
    (fp_line (start 5.331 -3.054) (end 5.331 3.054) (layer F.SilkS) (width 0.12))
    (fp_line (start 5.371 -3) (end 5.371 3) (layer F.SilkS) (width 0.12))
    (fp_line (start 5.411 -2.945) (end 5.411 2.945) (layer F.SilkS) (width 0.12))
    (fp_line (start 5.451 -2.889) (end 5.451 2.889) (layer F.SilkS) (width 0.12))
    (fp_line (start 5.491 -2.83) (end 5.491 2.83) (layer F.SilkS) (width 0.12))
    (fp_line (start 5.531 -2.77) (end 5.531 2.77) (layer F.SilkS) (width 0.12))
    (fp_line (start 5.571 -2.709) (end 5.571 2.709) (layer F.SilkS) (width 0.12))
    (fp_line (start 5.611 -2.645) (end 5.611 2.645) (layer F.SilkS) (width 0.12))
    (fp_line (start 5.651 -2.579) (end 5.651 2.579) (layer F.SilkS) (width 0.12))
    (fp_line (start 5.691 -2.51) (end 5.691 2.51) (layer F.SilkS) (width 0.12))
    (fp_line (start 5.731 -2.439) (end 5.731 2.439) (layer F.SilkS) (width 0.12))
    (fp_line (start 5.771 -2.365) (end 5.771 2.365) (layer F.SilkS) (width 0.12))
    (fp_line (start 5.811 -2.289) (end 5.811 2.289) (layer F.SilkS) (width 0.12))
    (fp_line (start 5.851 -2.209) (end 5.851 2.209) (layer F.SilkS) (width 0.12))
    (fp_line (start 5.891 -2.125) (end 5.891 2.125) (layer F.SilkS) (width 0.12))
    (fp_line (start 5.931 -2.037) (end 5.931 2.037) (layer F.SilkS) (width 0.12))
    (fp_line (start 5.971 -1.944) (end 5.971 1.944) (layer F.SilkS) (width 0.12))
    (fp_line (start 6.011 -1.846) (end 6.011 1.846) (layer F.SilkS) (width 0.12))
    (fp_line (start 6.051 -1.742) (end 6.051 1.742) (layer F.SilkS) (width 0.12))
    (fp_line (start 6.091 -1.63) (end 6.091 1.63) (layer F.SilkS) (width 0.12))
    (fp_line (start 6.131 -1.51) (end 6.131 1.51) (layer F.SilkS) (width 0.12))
    (fp_line (start 6.171 -1.378) (end 6.171 1.378) (layer F.SilkS) (width 0.12))
    (fp_line (start 6.211 -1.23) (end 6.211 1.23) (layer F.SilkS) (width 0.12))
    (fp_line (start 6.251 -1.062) (end 6.251 1.062) (layer F.SilkS) (width 0.12))
    (fp_line (start 6.291 -0.862) (end 6.291 0.862) (layer F.SilkS) (width 0.12))
    (fp_line (start 6.331 -0.599) (end 6.331 0.599) (layer F.SilkS) (width 0.12))
    (fp_line (start -4.229646 -2.875) (end -3.229646 -2.875) (layer F.SilkS) (width 0.12))
    (fp_line (start -3.729646 -3.375) (end -3.729646 -2.375) (layer F.SilkS) (width 0.12))
